Team_Name,Team_Salary,W_L_Ratio,PTS
Grizzlies,167050134,.402,103.5
Wizards,160582684,.390,114.0
76ers,153357133,.622,115.2
Thunder,151109192,.598,114.5
Warriors,144354753,.695,117.7
Bucks,143470804,.732,118.1
Blazers,130774013,.646,114.7
Rockets,129028208,.646,113.9
Celtics,125326739,.598,112.4
Jazz,124680531,.610,111.7
Heat,124378576,.476,105.7
Hornets,121810182,.476,110.7
Nuggets,118048086,.659,110.7
Pistons,115162686,.500,107.0
Raptors,114861234,.707,114.4
Spurs,106999851,.585,111.7
Magic,104835333,.512,107.3
Timberwolves,103380780,.439,112.5
Kings,102369495,.476,114.2
Pacers,100197688,.585,108.0
Suns,96526795,.232,107.5
Knicks,96050606,.207,104.6
Pelicans,93354172,.402,115.4
Lakers,92404906,.451,111.8
Cavaliers,88610922,.232,104.5
Nets,83536752,.512,112.2
Bulls,80706074,.268,104.9
Clippers,79234904,.585,115.1
Hawks,66443526,.354,113.3
Mavericks,50687348,.402,108.9
